Diacavolinia_sp_22-35.bexp.fa_blasted.txt	[1, 0, 4, 0, 2, 0, 2, 2, 0, 0, 1, 0, 0, 2, 2, 0, 0, 0, 2, 0, 0, 0, 0, 0, 0, 1, 0, 0, 0, 0, 0, 2, 1, 0, 0, 0, 0, 0, 1, 0, 1, 0, 1, 1, 1, 1]
Aplysia_californica_CD-HIT90_resultCepLym.txt_blasted.txt	[0, 0, 3, 1, 1, 0, 1, 1, 0, 1, 3, 0, 0, 1, 1, 0, 0, 0, 1, 2, 0, 2, 2, 1, 1, 3, 0, 9, 0, 1, 1, 2, 1, 1, 1, 1, 1, 0, 0, 0, 1, 0, 2, 0, 0, 0]
Limacina_trochiformis_22-57A.bexp.fa_blasted.txt	[1, 1, 1, 0, 1, 0, 2, 0, 0, 1, 2, 0, 0, 1, 1, 0, 0, 0, 2, 0, 0, 3, 3, 0, 0, 1, 1, 0, 1, 1, 0, 7, 7, 0, 0, 0, 0, 0, 0, 0, 1, 0, 1, 1, 1, 1]
Clione_antarctica.bexp.fa_blasted.txt	[0, 0, 0, 0, 0, 0, 0, 0, 0, 0, 3, 0, 0, 0, 0, 0, 0, 0, 0, 0, 0, 0, 1, 0, 0, 2, 1, 2, 0, 0, 0, 1, 1, 0, 0, 1, 0, 0, 0, 0, 1, 0, 0, 0, 0, 0]
Cavolinia_inflexa_24-24A.bexp.fa_blasted.txt	[1, 0, 1, 0, 0, 0, 0, 0, 0, 0, 1, 0, 0, 0, 1, 0, 0, 0, 0, 0, 0, 0, 1, 0, 0, 0, 0, 2, 0, 0, 1, 4, 3, 0, 0, 0, 0, 0, 0, 1, 0, 1, 0, 1, 1, 0]
Limacina_retroversa.bexp.fa_blasted.txt	[1, 0, 4, 0, 2, 0, 5, 1, 0, 1, 2, 1, 1, 0, 1, 0, 0, 0, 3, 1, 0, 3, 3, 0, 0, 1, 0, 0, 0, 1, 1, 1, 1, 1, 1, 1, 1, 1, 1, 0, 1, 1, 0, 1, 1, 1]
Diacria_trispinosa_24-8.bexp.fa_blasted.txt	[1, 1, 1, 0, 1, 0, 0, 1, 0, 0, 1, 0, 0, 0, 0, 0, 0, 0, 2, 0, 0, 0, 0, 0, 0, 1, 1, 0, 1, 0, 0, 2, 1, 0, 0, 0, 0, 0, 1, 2, 0, 1, 0, 0, 0, 0]
Pneumoderma_degraaffi_24-12.bexp.fa_blasted.txt	[0, 0, 2, 0, 0, 0, 1, 0, 0, 1, 4, 0, 0, 0, 0, 0, 0, 0, 1, 0, 0, 0, 0, 0, 0, 2, 1, 3, 0, 0, 0, 2, 2, 0, 0, 0, 0, 0, 0, 0, 1, 0, 0, 0, 0, 0]
Peracle_reticulata_24-11.bexp.fa_blasted.txt	[0, 0, 2, 0, 1, 0, 2, 0, 1, 1, 6, 0, 0, 0, 0, 0, 0, 0, 21, 0, 0, 2, 1, 0, 0, 1, 1, 0, 0, 0, 0, 1, 1, 0, 1, 1, 0, 0, 1, 0, 1, 1, 0, 1, 1, 1]
Heliconoides_inflatus_Med_CDHIT90_resultCepLym.txt_blasted.txt	[1, 0, 1, 0, 0, 0, 4, 0, 0, 3, 3, 0, 0, 0, 0, 0, 0, 0, 8, 1, 0, 2, 3, 0, 0, 6, 2, 0, 0, 1, 1, 3, 1, 0, 1, 1, 0, 0, 1, 0, 0, 0, 0, 0, 0, 0]
Heliconoides_inflata_24-26.bexp.fa_blasted.txt	[1, 0, 1, 0, 0, 0, 1, 0, 0, 1, 2, 0, 0, 0, 0, 0, 0, 0, 2, 0, 1, 3, 4, 0, 0, 2, 1, 0, 1, 1, 1, 0, 0, 0, 2, 1, 0, 1, 0, 1, 0, 0, 0, 1, 1, 1]
Heliconoides_inflata_22-37.bexp.fa_blasted.txt	[1, 0, 1, 0, 0, 0, 1, 0, 0, 0, 3, 0, 0, 0, 0, 0, 0, 0, 0, 0, 1, 0, 0, 0, 0, 1, 0, 0, 0, 0, 0, 2, 0, 0, 0, 0, 0, 1, 0, 2, 0, 0, 0, 1, 1, 1]
Haminoea_antillarum_trinity.bexp.fa_blasted.txt	[1, 0, 4, 0, 2, 0, 1, 1, 0, 1, 1, 0, 0, 2, 1, 0, 0, 1, 0, 2, 0, 0, 2, 0, 0, 2, 1, 1, 1, 0, 0, 2, 2, 0, 0, 0, 1, 0, 0, 0, 1, 1, 0, 1, 1, 1]
Cymbulia_sibogae_24-12A.bexp.fa_blasted.txt	[0, 0, 4, 0, 2, 0, 2, 3, 1, 1, 2, 0, 0, 0, 0, 0, 0, 0, 3, 0, 0, 0, 0, 0, 0, 2, 0, 1, 0, 0, 1, 1, 0, 0, 1, 0, 0, 0, 0, 0, 0, 0, 0, 0, 0, 0]
Hyalocylis_striata_24-13.bexp.fa_blasted.txt	[1, 0, 2, 0, 1, 0, 4, 0, 0, 1, 1, 0, 0, 1, 1, 0, 1, 0, 3, 0, 0, 1, 1, 0, 0, 2, 2, 2, 1, 1, 1, 6, 5, 0, 1, 1, 0, 0, 1, 1, 1, 0, 1, 0, 0, 0]
Clio_cuspidata_24-4.bexp.fa_blasted.txt	[1, 0, 3, 0, 2, 0, 5, 1, 0, 0, 2, 0, 1, 0, 1, 1, 1, 0, 7, 1, 0, 2, 3, 0, 0, 1, 1, 1, 1, 1, 1, 3, 2, 1, 0, 0, 1, 0, 1, 1, 0, 1, 0, 1, 1, 1]
Clione_limacina_24-24.bexp.fa_blasted.txt	[0, 0, 1, 0, 0, 0, 1, 0, 0, 0, 0, 0, 0, 1, 1, 0, 0, 0, 1, 0, 0, 0, 0, 0, 0, 0, 1, 4, 0, 0, 1, 2, 2, 0, 0, 1, 0, 0, 0, 0, 1, 0, 0, 0, 0, 0]
Limacina_bullimoides_22.bexp.fa_blasted.txt	[1, 0, 1, 0, 0, 0, 2, 0, 0, 0, 1, 0, 0, 0, 0, 0, 0, 0, 0, 0, 0, 3, 4, 0, 0, 2, 0, 0, 0, 1, 0, 3, 1, 0, 0, 1, 0, 0, 1, 0, 0, 1, 0, 1, 1, 0]
Cuvierina_sp_22-58.bexp.fa_blasted.txt	[1, 0, 2, 0, 1, 0, 4, 1, 0, 0, 0, 0, 0, 1, 1, 0, 0, 0, 5, 0, 0, 1, 2, 0, 0, 1, 1, 0, 1, 0, 0, 6, 5, 1, 0, 1, 0, 0, 0, 0, 1, 1, 0, 1, 1, 1]
Philine_angasi_trin.bexp.fa_blasted.txt	[0, 0, 0, 0, 0, 0, 0, 0, 0, 0, 1, 0, 0, 0, 0, 0, 0, 0, 0, 2, 0, 1, 1, 0, 0, 0, 0, 2, 0, 0, 1, 3, 2, 0, 1, 0, 0, 0, 0, 0, 0, 0, 0, 0, 0, 0]
Limacina_helicina_24-30.bexp.fa_blasted.txt	[1, 1, 3, 0, 1, 0, 5, 0, 0, 1, 3, 0, 0, 1, 0, 0, 0, 0, 0, 1, 0, 1, 2, 0, 0, 1, 1, 0, 0, 1, 1, 1, 1, 0, 1, 0, 1, 1, 1, 1, 1, 1, 0, 1, 1, 1]
Diacria_danae_24-22.bexp.fa_blasted.txt	[1, 1, 2, 0, 0, 0, 2, 1, 0, 0, 1, 0, 1, 1, 2, 0, 0, 0, 2, 0, 0, 1, 2, 0, 0, 1, 1, 0, 0, 0, 1, 4, 3, 1, 0, 1, 1, 0, 1, 0, 1, 0, 1, 0, 0, 0]
Limacina_lesueuri_24-11.bexp.fa_blasted.txt	[1, 1, 0, 0, 0, 1, 5, 0, 0, 0, 1, 0, 0, 0, 0, 0, 0, 0, 0, 0, 0, 2, 2, 0, 0, 1, 1, 0, 0, 1, 0, 2, 1, 0, 0, 0, 0, 0, 2, 0, 1, 1, 0, 1, 1, 1]
Creseis_clava_24-21.bexp.fa_blasted.txt	[1, 0, 0, 0, 0, 0, 3, 0, 0, 0, 0, 0, 0, 0, 0, 0, 0, 0, 0, 0, 0, 2, 2, 0, 0, 1, 0, 0, 1, 1, 0, 3, 2, 0, 0, 0, 0, 0, 0, 0, 0, 1, 0, 1, 1, 1]
Styliola_subula_24-24A.bexp.fa_blasted.txt	[0, 0, 1, 0, 1, 0, 4, 0, 0, 0, 4, 0, 0, 2, 2, 0, 0, 0, 2, 0, 0, 2, 3, 0, 0, 1, 0, 1, 1, 1, 1, 1, 1, 0, 1, 1, 0, 1, 1, 0, 1, 0, 0, 1, 1, 1]
Clio_pyramidata_24-10A.bexp.fa_blasted.txt	[1, 0, 3, 0, 2, 0, 0, 1, 0, 1, 2, 0, 0, 0, 2, 0, 0, 0, 2, 0, 0, 0, 0, 0, 0, 0, 1, 1, 0, 0, 0, 5, 3, 0, 1, 0, 0, 0, 1, 0, 1, 0, 0, 1, 1, 1]
Creseis_virgula_24-10A.bexp.fa_blasted.txt	[1, 0, 0, 0, 0, 0, 1, 0, 0, 0, 4, 0, 0, 0, 0, 0, 0, 0, 0, 0, 0, 1, 0, 0, 0, 1, 0, 0, 1, 0, 1, 2, 2, 0, 0, 1, 0, 0, 0, 0, 1, 1, 0, 2, 2, 2]
Spongiobranchaea_intermedia_24-28A.bexp.fa_blasted.txt	[0, 0, 1, 0, 1, 0, 0, 0, 0, 0, 1, 0, 0, 0, 0, 0, 0, 0, 0, 0, 0, 0, 0, 0, 0, 1, 1, 4, 0, 0, 0, 0, 0, 0, 0, 0, 0, 0, 0, 0, 0, 0, 0, 0, 0, 0]
